core: 1.175473759000004
IF: 1.879737084
Rename: 0.267471933
LoadStore: 2.529812544
MemMgmt: 0.1361465
EX: 5.354089999999999
L2: 0.546452817
L3: 1.5993872999999998
